Arad = [ 46.1753793, 21.3196342,]
Bucharest = [ 44.4361414, 26.1027202,]
Craiova = [ 44.3190159, 23.7965614,]
Drobeta = [ 44.6257835, 22.6531975,]
Eforie = [ 44.0637934, 28.6337441,]
Fagaras = [ 45.8449433, 24.9703224,]
Giurgiu = [ 43.8959058, 25.9658111,]
Hirsova = [ 44.6845557, 27.9513766,]
Iasi = [ 47.1615416, 27.5837224,]
Lugoj = [ 45.68675345, 21.90138082837388,]
Mehadia = [ 44.9043893, 22.3654341,]
Neamt = [ 46.990657, 26.48491657449838,]
Oradea = [ 47.058715, 21.927919041661156,]
Pitesti = [ 44.8572343, 24.8719422,]
"Ramnicu Valcea" = [ 45.1031731, 24.3647209,]
Sibiu = [ 45.7973912, 24.1519202,]
Timisoara = [ 45.7538355, 21.2257474,]
Urziceni = [ 44.717002, 26.6324066,]
Vaslui = [ 46.4977648, 27.803085484685425,]
Zerind = [ 46.6235188, 21.5169819,]
